380,61,833,845,299,686,729,94,183,
521,248,840,576,260,434,39,601,604,
527,709,234,543,244,159,256,984,348,
239,460,522,375,194,814,790,501,368,
814,522,655,545,687,648,624,170,349,
191,829,684,473,87,685,317,863,681,
786,46,949,997,283,149,16,669,90,
291,121,425,322,988,919,937,511,18,
629,723,975,995,430,137,664,478,215,
320,332,45,553,125,935,481,142,394,
815,979,623,14,746,504,398,724,596,
367,528,922,359,475,926,155,101,761,
931,41,38,301,951,569,405,295,694,
823,472,958,544,379,641,48,201,319,
504,596,746,155,367,815,10,831,922,
339,651,762,691,251,573,966,766,975,
283,149,803,266,879,427,550,6,807,
612,631,558,449,323,495,401,388,907,
322,511,988,381,51,650,7,227,509,
830,716,192,933,666,568,160,671,694,
776,147,546,764,219,362,484,891,32,
342,124,369,586,456,721,359,922,27,
494,516,488,413,731,112,309,649,969,
999,525,91,476,523,77,97,421,207,
897,792,534,567,269,625,483,879,836,
588,782,548,745,785,34,741,663,157,
641,574,579,995,430,478,251,975,651,
124,795,342,707,582,369,865,337,660,
447,970,600,777,976,780,148,346,173,
884,410,569,537,397,813,131,261,891,
743,605,60,424,442,131,81,435,401,
143,866,555,127,840,76,730,934,631,
858,805,362,518,284,825,446,764,820,
445,700,82,992,71,436,231,306,898,
663,181,412,982,172,642,603,564,720,
559,966,384,651,480,256,984,989,762,
68,857,852,402,133,683,442,340,267,
49,441,571,839,899,447,28,970,575,
459,694,861,931,165,12,626,468,671,
308,434,260,248,521,338,207,708,471,
418,477,361,710,935,311,423,66,282,
12,931,254,301,884,38,569,165,295,
684,529,588,709,737,2,863,670,597,
153,952,203,101,425,985,770,532,736,
75,602,263,293,333,641,341,319,701,
379,48,394,320,9,58,324,403,578,
786,6,949,997,149,428,202,69,877,
7,572,896,291,988,347,937,425,919,
379,544,403,45,971,664,823,619,978,
37,571,441,839,970,28,447,600,899,
282,745,966,255,956,539,132,911,215,
411,509,880,772,453,778,128,195,455,
228,508,230,389,821,698,318,232,877,
506,224,80,851,165,942,136,748,254,
123,541,158,68,36,163,392,538,184,
344,505,302,314,182,244,909,674,159,
141,116,642,80,921,172,720,254,785,
753,276,180,385,920,698,238,318,311,
332,107,418,45,403,627,706,647,440,
496,466,570,618,139,341,896,154,876,
216,750,30,810,442,405,131,626,464,
0,356,288,138,183,686,729,833,380,
491,227,650,699,717,374,287,702,998,
887,295,569,301,217,671,405,931,38,
144,298,267,486,365,400,459,468,134,
223,933,716,830,886,406,19,160,162,
562,477,311,222,555,57,52,934,667,
661,419,383,481,414,510,706,553,514,
852,36,354,857,702,683,998,340,681,
836,46,912,786,534,879,803,625,269,
66,477,749,222,667,311,562,57,523,
445,139,33,436,700,326,955,903,122,
392,890,186,292,150,227,205,374,479,
745,539,480,989,35,559,966,256,132,
116,594,380,744,833,845,448,361,199,
44,293,330,292,701,624,396,227,18,
813,143,338,630,730,166,97,840,31,
669,848,207,97,338,98,620,589,261,
244,990,159,543,895,791,908,255,674,
692,821,152,174,730,127,230,188,248,
577,718,165,942,856,671,894,254,686,
162,742,942,533,963,856,928,165,365,
700,797,752,436,122,391,739,341,445,
732,588,84,336,498,277,597,849,782,
849,478,319,762,641,573,137,713,126,
824,642,357,904,606,603,643,172,181,
174,601,492,604,730,458,385,238,692,
946,829,522,998,192,340,927,68,150,
507,737,738,119,529,940,485,714,440,
260,434,39,521,338,840,708,273,308,
669,867,246,497,6,98,77,997,662,
23,589,838,848,98,77,207,980,620,
551,674,991,592,443,302,159,956,294,
618,973,513,633,607,194,865,519,117,
781,518,484,437,994,798,760,0,882,
395,914,470,353,728,832,512,111,998,
567,625,483,283,879,836,149,16,803,
630,338,312,77,76,813,127,471,885,
669,207,77,620,273,802,708,90,848,
560,889,572,796,895,186,939,221,955,
112,309,436,488,82,122,752,231,700,
155,203,869,367,11,528,359,369,922,
451,243,614,679,331,238,604,248,281,
512,768,565,395,817,470,271,111,914,
733,280,296,645,968,425,572,695,767,
431,874,665,818,684,890,85,444,688,
738,184,392,440,88,844,917,635,888,
627,706,481,510,125,553,566,500,759,
845,254,41,435,380,299,718,833,569,
435,626,533,810,872,217,162,845,254,
822,547,503,265,934,530,703,790,477,
350,512,168,517,103,271,565,914,795,
309,100,752,593,122,218,488,341,82,
362,764,820,776,147,546,855,409,433,
188,260,434,840,576,977,323,703,521,
214,135,686,742,577,894,718,200,913,
74,594,744,845,833,380,444,448,317,
618,513,93,124,249,194,633,337,944,
393,630,802,690,97,620,177,338,76,
284,199,195,440,485,888,444,147,146,
872,862,217,931,810,626,12,569,951,
7,675,511,699,18,411,817,279,154,
82,436,864,797,752,700,837,218,391,
541,54,147,852,20,776,146,354,262,
27,342,337,795,775,865,922,369,707,
759,510,553,461,500,481,107,706,383,
651,762,964,559,691,478,137,84,936,
143,730,230,692,601,821,474,604,31,
51,411,455,172,663,880,988,412,506,
652,303,441,454,899,37,125,148,49,
419,414,706,945,962,661,647,965,107,
569,442,789,397,862,605,743,295,120,
539,911,741,579,384,348,834,256,548,
68,520,599,36,793,66,959,938,773,
628,64,637,870,298,217,144,533,162,
686,913,894,856,115,742,577,214,200,
748,860,476,421,366,749,523,715,525,
723,478,975,651,84,126,691,430,849,
61,424,30,686,564,963,299,135,401,
466,570,583,122,937,699,279,82,700,
799,697,270,236,314,439,756,67,640,
771,603,172,444,953,720,357,993,824,
935,143,127,15,840,76,31,730,762,
127,31,840,730,76,692,166,260,434,
64,298,974,365,267,628,486,468,676,
328,230,677,840,152,127,143,692,658,
825,446,147,518,32,776,546,362,858,
546,20,776,219,362,764,484,760,437,
780,970,28,447,777,346,600,174,620,
803,16,283,786,879,46,6,949,567,
68,635,844,354,36,87,843,648,72,
290,298,365,486,64,400,533,144,162,
230,821,692,328,730,52,79,127,311,
952,43,770,296,828,280,902,695,293,
699,279,675,937,896,919,955,335,395,
367,922,528,869,101,926,475,11,359,
696,239,173,460,871,790,346,3,780,
208,745,651,313,126,539,849,25,15,
925,362,32,442,740,54,518,189,184,
990,244,527,234,2,399,863,726,674,
933,223,19,830,628,676,206,183,716,
932,324,383,647,553,481,847,673,492,
533,165,671,742,81,856,894,365,870,
392,917,878,54,538,485,378,808,287,
370,647,46,6,786,882,706,324,949,
459,38,694,162,671,861,533,942,856,
610,143,321,918,76,730,866,692,127,
632,873,965,458,918,601,305,576,521,
512,111,350,517,271,794,817,103,565,
537,729,410,884,206,433,862,120,144,
596,923,586,456,14,617,979,814,4,
245,626,217,433,694,459,196,38,468,
993,663,444,141,181,603,824,642,953,
696,28,447,970,407,600,777,976,351,
86,79,692,143,458,260,730,434,601,
564,615,34,784,450,53,895,712,509,
601,918,866,166,321,143,458,658,127,
589,393,77,463,261,802,118,493,620,
905,279,699,675,937,154,717,919,817,
759,961,125,589,461,510,882,848,98,
385,276,753,57,920,238,492,986,152,
172,34,444,663,824,195,603,387,993,
693,929,416,909,969,314,422,302,958,
628,894,729,162,856,742,298,870,928,
158,499,639,479,635,844,106,362,825,
318,238,698,497,243,276,253,331,492,
72,292,560,205,927,392,808,18,150,
774,878,432,262,300,485,163,950,123,
114,434,260,143,840,79,127,174,692,
442,843,212,267,605,743,558,131,216,
642,357,448,162,720,554,603,921,606,
853,649,611,602,5,739,522,731,341,
704,666,830,19,38,479,530,931,12,
363,960,582,660,540,342,372,795,369,
375,101,618,11,359,203,367,369,342,
199,444,554,771,357,644,824,603,408,
468,974,459,464,694,38,433,861,171,
727,585,707,985,367,155,922,133,761,
560,457,719,828,881,609,701,796,681,
195,444,771,408,554,603,884,141,824,
214,162,891,686,299,671,165,577,718,
722,472,355,958,823,747,751,126,762,
949,428,253,497,997,786,46,426,526,
101,869,155,660,359,922,369,367,342,
943,422,527,234,969,929,978,2,941,
292,927,701,18,72,330,75,890,501,
891,371,628,162,298,676,246,169,537,
620,77,474,39,98,393,980,669,127,
762,651,964,15,126,157,745,35,966,
897,748,136,749,860,421,24,476,715,
792,427,275,879,483,223,241,550,873,
317,448,277,629,8,785,670,769,956,
189,862,605,779,743,131,442,120,569,
554,606,448,642,769,195,904,444,298,
200,742,115,577,718,928,686,942,894,
966,956,723,975,137,399,478,691,726,
750,60,924,442,131,301,189,934,424,
626,245,810,171,405,533,694,38,459,
752,341,391,462,122,739,570,466,82,
546,147,20,776,486,484,362,365,855,
811,765,233,587,498,745,732,539,964,
482,417,585,727,565,124,111,591,337,
682,562,66,477,667,311,358,281,248,
933,65,160,830,716,894,183,628,210,
654,506,258,459,749,694,38,861,53,
230,52,389,228,877,152,508,658,328,
431,138,688,665,575,963,657,343,424,
62,491,650,154,287,699,18,378,262,
52,389,877,232,508,230,328,821,698,
934,866,555,31,257,631,612,477,562,
152,328,52,127,730,145,821,228,877,
611,379,705,100,584,48,403,33,978,
636,228,52,877,821,311,389,152,328,
498,587,732,336,220,126,811,651,964,
527,2,543,943,204,159,709,256,348,
142,935,709,530,31,866,368,555,166,
799,536,947,507,300,56,140,940,485,
678,864,602,341,218,898,739,263,752,
185,243,276,331,492,318,385,698,497,
460,368,265,3,790,329,447,28,156,
740,414,130,419,612,661,158,627,706,
275,638,265,827,530,790,281,329,662,
501,522,927,286,983,814,828,959,457,
331,238,102,185,492,614,276,497,451,
709,543,2,159,995,834,674,936,527,
171,217,626,694,533,861,38,671,464,
90,497,669,910,662,867,253,202,206,
10,979,420,304,850,648,724,363,815,
358,39,608,281,604,508,102,1,679,
633,618,513,194,795,372,489,582,49,
277,823,317,634,119,909,590,785,529,
339,651,345,975,539,936,15,834,691,
740,580,835,934,621,107,477,598,240,
497,185,202,238,698,318,910,331,526,
845,299,435,686,718,41,942,165,109,
966,399,691,35,384,50,215,480,15,
984,348,384,559,726,936,345,35,834,
176,623,711,658,866,229,166,601,143,
224,654,506,893,64,523,476,144,365,
664,348,256,834,726,559,384,995,430,
434,521,39,458,840,576,601,143,248,
813,630,77,393,848,97,885,338,589,
653,378,878,227,123,432,888,146,491,
602,237,44,133,132,911,443,231,956,
941,978,422,516,971,204,325,871,943,
329,790,368,530,241,638,275,239,328,
16,879,550,427,283,803,149,868,6,
459,64,486,468,38,974,365,694,144,
119,440,554,199,485,515,653,672,858,
625,868,483,567,836,534,636,879,977,
370,164,897,647,962,419,514,673,130,
326,794,168,817,512,103,517,111,645,
563,876,496,287,947,487,763,584,607,
98,338,708,620,39,308,910,77,89,
141,771,15,339,307,785,285,172,251,
241,638,827,281,358,248,608,102,451,
385,920,698,753,318,238,185,526,492,
317,211,785,448,250,215,116,594,723,
842,312,910,253,987,604,526,308,102,
699,675,154,937,896,168,512,111,271,
733,104,271,794,153,326,425,645,296,
358,608,248,451,662,102,508,679,253,
592,956,50,551,975,629,991,132,40,
16,149,803,6,266,879,96,427,786,
858,362,32,446,546,147,805,119,931,
747,722,634,958,355,751,782,274,595,
983,368,265,790,525,501,329,530,242,
432,381,340,717,998,227,444,154,988,
976,862,954,61,346,298,447,169,28,
819,338,848,885,77,39,813,260,471,
151,626,245,217,533,810,861,171,400,
7,425,937,154,736,381,896,279,988,
205,927,18,186,701,72,75,330,501,
788,520,902,701,959,938,828,501,793,
467,92,40,110,895,418,674,622,547,
569,887,63,931,301,12,884,459,38,
767,952,695,733,865,104,153,795,124,
906,505,55,930,314,909,270,941,403,
400,64,486,365,533,626,144,162,628,
718,686,845,254,577,200,894,214,951,
485,697,390,440,219,883,187,855,484,
12,569,295,63,931,38,41,884,405,
725,581,92,674,693,182,55,159,422,
454,129,954,652,668,825,899,518,441,
648,687,621,598,705,133,36,599,54,
873,483,836,331,102,816,167,451,636,
898,333,700,445,82,436,391,752,33,
785,588,782,762,15,208,993,317,634,
39,708,471,338,842,885,321,521,77,
112,100,752,593,436,122,391,82,488,
287,735,615,374,564,347,774,163,808,
152,52,232,636,230,821,228,477,555,
278,97,630,842,604,526,230,202,471,
783,355,472,656,958,201,595,208,157,
941,182,693,516,909,264,55,159,416,
558,631,31,819,477,740,388,703,261,
524,874,709,336,233,732,587,498,344,
277,785,211,448,116,975,723,215,670,
698,185,276,238,920,385,426,753,497,
574,641,573,713,957,84,762,478,989,
9,332,45,553,125,935,481,142,394,
610,471,885,166,630,521,690,918,308,
18,988,511,650,7,51,457,381,808,
907,965,632,692,143,495,145,188,127,
932,161,647,961,847,383,243,331,238,
823,892,516,201,13,806,472,722,264,
271,968,645,794,903,512,482,168,386,
499,994,854,19,830,940,716,147,760,
877,230,145,152,228,426,52,127,389,
265,790,368,241,638,97,530,77,428,
381,988,432,287,75,128,701,292,18,
243,238,492,102,185,253,614,483,497,
9,320,58,706,500,481,945,142,751,
306,797,736,898,82,864,700,44,237,
727,170,832,721,101,522,197,585,155,
896,955,154,919,570,675,699,937,111,
732,233,573,524,587,766,834,762,316,
124,623,417,27,342,155,367,985,922,
630,471,97,76,308,39,885,77,813,
251,15,651,691,936,762,573,766,539,
852,998,857,683,68,757,432,287,702,
739,752,218,82,649,700,391,992,731,
660,124,540,203,27,363,922,193,369,
431,37,34,665,226,181,85,60,904,
416,55,929,316,969,204,543,943,971,
251,984,384,664,256,975,348,339,936,
780,148,28,447,970,976,620,39,308,
367,396,804,155,739,865,700,896,528,
256,384,984,726,936,399,559,834,691,
754,800,519,959,377,829,265,360,329,
111,168,512,517,795,271,386,372,817,
407,127,601,143,604,730,166,176,692,
450,778,939,880,772,128,851,506,258,
914,470,565,512,707,111,103,919,395,
681,702,852,68,757,794,857,377,365,
595,722,783,747,201,751,472,958,313,
688,61,183,839,742,856,135,894,49,
603,642,953,824,412,921,444,720,141,
508,248,281,608,102,52,376,451,185,
369,869,11,761,922,155,203,528,475,
377,959,624,519,938,788,757,681,828,
625,493,423,269,912,463,786,977,40,
32,147,158,284,113,858,546,20,925,
193,582,660,540,960,795,342,372,865,
640,439,142,166,692,935,174,143,235,
486,676,891,533,694,371,298,64,162,
749,136,385,698,426,860,318,753,276,
155,922,528,11,475,926,101,985,707,
265,530,329,790,822,239,840,460,145,
359,869,922,761,101,660,11,155,475,
164,882,647,419,514,270,962,875,69,
891,676,365,870,206,486,537,637,162,
582,795,660,363,960,193,985,761,865,
763,584,374,304,54,378,563,163,538,
491,62,227,538,650,615,373,808,378,
194,528,973,832,101,618,11,728,155,
253,358,185,508,281,248,608,842,497,
519,360,959,803,754,520,681,354,149,
650,714,878,262,227,491,62,18,763,
48,403,544,45,664,619,13,978,345,
845,833,299,0,743,605,928,254,74,
988,330,18,287,511,291,808,7,322,
420,846,775,724,865,755,27,705,795,
481,847,932,161,500,647,510,67,553,
984,348,256,726,579,966,345,35,936,
276,492,698,920,753,318,238,185,389,
903,645,350,968,565,124,27,111,271,
993,172,412,444,663,181,554,485,195,
401,558,612,631,477,449,773,315,819,
228,52,276,753,318,920,385,698,238,
440,642,820,855,888,485,672,357,904,
752,82,700,436,739,218,341,992,797,
72,538,163,106,88,54,648,184,262,
802,630,207,690,77,261,118,620,338,
935,423,45,526,318,698,412,345,185,
103,794,470,565,512,768,95,914,417,
624,287,432,938,935,227,711,142,655,
951,872,131,405,810,120,299,569,38,
815,10,724,979,596,14,582,504,586,
348,726,384,256,966,984,215,345,255,
298,533,64,486,626,365,144,217,628,
388,449,819,30,682,773,289,463,427,
442,464,267,963,459,468,843,861,671,
48,379,619,984,384,472,958,751,345,
689,875,882,327,164,419,130,414,661,
810,217,38,12,626,931,951,861,459,
787,851,939,933,791,716,223,886,415,
351,260,434,173,39,79,521,174,188,
603,642,199,921,357,824,904,195,913,
764,820,32,484,855,437,825,147,113,
884,537,365,676,169,371,569,38,931,
880,509,51,778,772,453,455,357,128,
663,357,824,953,642,387,172,34,603,
488,494,22,611,941,314,837,700,231,
419,130,661,67,706,875,500,945,647,
787,654,406,830,19,160,224,933,506,
929,969,747,422,709,722,182,543,355,
565,337,395,482,470,645,914,103,591,
40,982,58,598,621,783,725,647,332,
414,130,661,647,67,514,875,962,706,
382,724,846,865,755,705,979,775,10,
748,136,323,907,965,632,476,860,525,
969,929,204,943,978,416,971,581,823,
253,348,497,394,256,384,331,984,662,
942,963,81,30,254,750,845,657,564,
470,291,7,103,512,914,733,104,457,
490,753,698,318,497,877,276,185,920,
879,253,550,483,792,331,16,266,283,
997,949,202,786,228,46,452,877,52,
396,950,883,432,347,187,4,624,522,
995,664,137,478,723,8,629,84,348,
665,343,876,226,105,387,818,575,688,
287,340,330,227,396,387,262,937,878,
171,468,974,196,144,217,245,626,64,
260,521,39,458,840,576,601,143,188,
254,109,686,845,810,718,299,405,872,
82,122,752,700,391,100,445,797,898,
781,484,901,760,147,764,94,798,994,
818,899,883,441,105,364,607,935,148,
640,364,697,679,936,451,604,142,608,
888,672,390,776,219,119,546,485,738,
899,37,49,28,447,970,129,976,777,
789,131,402,189,267,843,963,60,158,
991,551,656,92,674,2,132,592,978,
771,172,195,199,603,993,357,141,824,
33,700,82,436,71,898,752,797,391,
858,284,32,146,954,546,862,219,362,
28,970,600,777,976,780,148,346,173,
190,712,213,211,554,856,594,742,317,
703,977,401,463,427,177,289,493,907,
778,352,509,411,895,880,921,506,53,
679,614,102,608,281,248,604,243,576,
949,997,428,786,6,202,46,662,225,
772,880,509,411,51,469,778,712,654,
303,954,652,129,899,441,858,758,518,
880,411,509,128,603,511,224,141,51,
586,617,545,21,815,170,923,979,504,
701,998,425,812,893,18,293,838,322,
521,601,434,260,576,918,174,86,166,
38,861,694,165,468,974,671,267,931,
239,368,148,447,28,970,777,530,3,
510,125,500,481,383,107,706,759,961,
218,540,623,582,122,535,707,919,985,
493,542,912,977,177,16,803,495,149,
694,671,38,468,963,196,861,459,165,
927,560,719,186,639,503,666,789,479,
139,570,583,896,218,341,937,593,919,
294,547,110,503,773,210,879,716,868,
974,671,196,694,459,38,861,433,267,
880,411,670,772,453,509,51,908,778,
914,353,103,395,565,512,111,425,937,
610,630,308,338,885,321,39,97,393,
751,958,201,722,355,747,13,762,595,
940,223,939,190,791,642,830,863,448,
730,127,207,821,143,620,980,230,692,
922,707,367,11,155,528,359,369,869,
523,748,136,749,999,525,23,421,46,
66,311,31,562,555,934,222,631,703,
84,137,741,762,573,723,849,995,713,
192,933,886,537,329,265,160,790,890,
691,559,936,651,966,35,256,834,964,
500,383,553,107,510,706,125,461,847,
955,565,417,768,326,512,395,591,103,
269,836,636,305,567,331,879,492,625,
781,437,855,764,546,901,147,776,94,
390,634,387,119,993,536,440,172,446,
365,298,64,891,267,38,459,676,400,
541,688,123,607,454,668,303,219,705,
112,100,413,122,309,494,22,82,436,
724,979,420,194,10,815,363,859,582,
426,698,920,318,753,276,389,228,385,
62,227,374,650,717,699,18,199,287,
238,385,331,243,185,276,318,698,614,
463,542,912,977,495,6,786,177,283,
22,488,413,516,112,731,586,969,456,
542,907,323,493,912,463,97,118,338,
59,937,633,7,618,919,876,154,470,
253,185,238,426,318,698,202,669,753,
233,732,587,811,765,126,651,336,989,
327,147,854,546,146,184,933,776,437,
481,510,553,125,383,461,107,706,566,
242,522,286,293,927,828,814,457,788,
708,816,308,6,90,77,910,669,848,
388,110,822,467,631,329,265,638,547,
14,746,596,922,815,367,11,775,979,
55,909,379,48,336,403,297,629,975,
224,654,53,893,258,851,299,165,718,
88,940,485,737,529,390,738,993,704,
358,52,248,228,821,230,281,608,185,
880,411,778,453,51,772,450,455,921,
461,125,481,500,107,706,759,383,67,
18,717,322,988,455,880,509,381,411,
168,111,350,103,271,565,768,517,794,
618,249,194,633,660,973,203,93,342,
647,962,419,67,673,370,414,383,873,
759,125,961,566,179,510,351,461,871,
325,422,969,929,264,941,314,22,529,
168,111,350,512,271,817,645,565,103,
858,32,805,825,94,510,146,362,109,
377,803,520,149,754,360,757,959,902,
788,599,959,793,800,519,377,938,293,
260,434,458,576,1,39,840,601,321,
814,242,938,624,87,501,4,946,3,
476,749,748,136,525,258,428,949,786,
316,336,709,732,874,233,244,498,2,
999,23,749,476,523,136,730,76,421,
276,318,920,238,698,253,753,497,185,
234,2,543,709,204,943,159,256,348,
367,155,11,922,475,869,101,926,359,
737,42,929,634,422,969,88,507,416,
368,265,241,827,192,275,152,329,145,
831,591,596,14,923,111,504,746,512,
695,660,767,193,363,952,795,372,960,
162,694,861,365,671,165,298,400,217,
836,269,792,483,625,69,907,632,868,
623,582,372,985,10,795,926,363,817,
485,119,947,56,940,507,250,784,94,
169,410,884,676,371,891,365,131,862,
392,54,687,602,740,163,374,917,378,
251,936,651,691,339,345,834,480,964,
342,363,193,623,582,660,707,979,203,
123,776,54,852,354,147,20,219,705,
493,912,463,495,977,323,907,177,97,
709,527,234,2,244,936,651,691,964,
48,379,823,13,430,619,403,978,422,
586,456,617,4,689,814,461,125,500,
776,147,219,20,484,764,362,284,144,
827,477,822,110,241,311,66,530,275,
741,849,573,911,762,766,478,132,25,
881,902,506,53,778,450,280,136,757,
266,427,879,16,803,483,149,283,69,
991,443,92,592,674,282,244,656,2,
780,872,397,148,951,777,405,120,447,
481,125,500,107,673,161,383,706,67,
213,195,199,448,444,642,387,190,172,
866,31,692,127,934,821,143,601,79,
627,945,566,107,500,481,461,961,647,
158,994,657,901,942,963,437,81,362,
315,631,819,31,477,388,740,630,338,
35,480,966,256,651,691,713,348,936,
198,796,609,927,186,829,150,99,946,
678,341,602,739,801,237,752,811,864,
66,555,222,934,477,866,311,604,667,
685,591,681,757,763,829,687,705,531,
615,710,594,424,34,30,663,116,181,
103,914,817,512,470,417,353,768,111,
961,107,627,556,759,500,578,510,125,
625,269,483,96,879,149,636,868,803,
666,716,886,830,19,192,254,299,718,
295,887,301,951,884,931,12,63,131,
466,896,593,752,139,218,335,341,391,
839,49,37,899,575,441,688,780,426,
733,104,279,291,296,767,7,645,386,
762,766,319,478,713,741,15,574,834,
641,319,762,573,478,957,84,651,26,
571,37,49,839,441,899,57,773,477,
601,521,458,260,434,248,1,614,451,
718,894,686,80,214,299,856,135,200,
961,875,566,324,125,556,759,690,118,
384,984,726,348,251,256,651,345,834,
598,252,621,759,780,740,125,129,179,
422,969,929,656,302,355,783,416,674,
193,372,363,795,660,369,27,960,540,
466,341,139,739,122,218,700,82,462,
763,947,440,373,563,994,541,231,705,
727,359,922,369,761,869,11,926,475,
456,617,545,21,170,815,923,979,504,
233,732,498,336,964,651,220,126,762,
782,785,597,126,307,25,762,42,651,
77,177,620,980,848,207,802,261,98,
957,597,769,588,989,554,713,319,670,
531,755,831,482,563,417,775,645,382,
282,956,8,551,629,92,132,995,741,
570,112,309,466,139,634,896,752,341,
74,116,564,615,380,845,448,833,744,
783,355,747,751,722,958,909,472,619,
14,504,746,155,755,531,869,528,815,
782,588,590,785,670,741,478,317,554,
621,932,324,222,682,161,477,673,113,
520,857,52,959,938,920,698,230,228,
447,28,777,970,976,646,148,780,458,
576,458,604,127,521,176,692,86,260,
263,911,237,548,341,561,191,282,739,
357,642,953,824,408,141,720,444,172,
601,248,679,102,52,451,127,230,608,
743,862,131,30,212,380,120,109,845,
642,213,904,357,412,172,603,824,190,
618,899,973,441,938,959,624,788,793,
679,451,281,358,248,102,508,614,604,
560,754,198,150,902,467,349,377,501,
471,321,166,885,521,630,338,76,918,
853,231,978,191,971,656,422,379,413,
934,866,31,631,388,17,323,555,562,
727,375,952,585,194,850,155,367,561,
451,102,679,243,331,492,608,248,238,
564,594,116,56,657,915,424,34,921,
361,287,360,935,907,650,938,142,116,
586,456,545,170,21,923,504,596,815,
973,513,633,249,194,607,375,93,101,
403,722,595,747,936,379,355,48,544,
207,802,980,98,77,497,474,669,589,
598,932,161,324,222,682,562,673,66,
305,667,873,483,612,222,66,836,868,
535,985,540,367,707,155,922,10,337,
938,788,711,959,360,793,813,396,522,
269,567,868,836,483,636,96,786,534,
217,810,171,245,38,298,405,459,533,
107,556,566,706,661,962,740,647,481,
183,894,729,162,870,298,144,206,134,
8,956,137,430,723,478,975,211,215,
338,471,97,76,393,321,885,813,261,
558,315,31,819,934,477,612,866,555,
167,965,323,907,873,692,534,836,977,
249,618,513,489,944,194,582,93,607,
737,472,751,485,529,250,958,307,285,
844,933,843,160,150,963,639,81,65,
232,836,483,389,228,311,52,625,877,
870,371,134,676,671,887,468,891,365,
241,275,827,265,329,790,278,312,52,
822,666,442,192,131,789,704,216,60,
364,439,142,458,918,521,172,799,174,
574,319,478,84,762,573,957,989,651,
603,357,904,720,606,921,190,953,408,
861,694,671,200,468,974,533,371,891,
663,195,771,872,397,951,172,444,357,
968,271,326,517,794,386,104,903,733,
777,600,447,28,970,976,521,148,780,
419,383,161,673,514,962,324,847,932,
814,4,304,687,150,133,392,54,184,
731,341,739,837,752,191,82,853,992,
322,227,378,717,62,18,141,491,919,
762,691,126,251,936,964,15,559,834,
129,454,441,303,37,899,777,510,447,
888,262,440,672,119,714,195,825,776,
224,506,893,258,411,371,891,851,772,
746,687,14,504,4,596,627,556,624,
313,443,581,991,978,551,971,422,783,
942,742,928,214,81,870,845,856,963,
986,145,601,152,692,225,127,230,176,
951,12,38,299,694,974,569,200,196,
342,203,193,363,369,795,101,582,359,
414,419,67,130,627,323,553,962,907,
281,497,358,248,253,614,185,508,877,
172,34,412,644,181,993,720,387,141,
995,345,478,834,975,251,430,723,573,
431,412,343,575,226,105,402,876,34,
568,192,19,830,704,886,639,845,942,
679,608,451,614,248,311,986,1,222,
900,303,454,513,531,487,618,973,826,
98,77,90,497,867,207,620,997,202,
769,384,785,984,256,469,357,348,726,
694,468,162,165,459,861,464,533,38,
888,440,390,714,776,653,213,546,764,
962,553,647,932,847,161,107,514,67,
92,551,863,159,244,543,990,2,132,
279,699,154,168,271,517,896,512,937,
371,891,365,486,870,537,533,694,974,
145,230,152,76,79,840,692,730,328,
237,752,561,341,864,849,898,602,218,
451,608,102,614,604,248,281,243,667,
52,232,920,389,526,318,228,276,230,
757,354,377,852,68,702,928,645,519,
222,773,867,477,819,66,376,358,562,
852,857,340,68,757,36,354,599,520,
42,863,670,737,785,709,588,597,543,
829,563,327,87,681,946,763,541,757,
718,894,299,135,577,254,200,214,742,
705,959,788,655,627,814,107,938,706,
356,571,643,365,839,49,676,486,454,
404,414,419,661,461,67,875,706,510,
321,802,393,620,471,118,521,207,86,
936,651,834,480,762,15,559,339,966,
730,127,152,79,555,143,230,821,601,
182,969,929,422,909,416,302,314,581,
671,861,38,459,468,165,533,974,464,
532,767,296,952,795,733,865,27,104,
173,28,447,970,780,346,976,407,156,
45,300,883,799,439,320,9,161,394,
318,276,185,385,920,753,238,426,52,
154,279,675,937,919,512,896,168,103,
82,797,436,739,445,752,391,33,122,
457,812,893,293,838,927,998,340,29,
354,857,68,852,794,681,694,998,884,
620,980,840,328,589,31,207,977,477,
192,12,666,830,931,301,405,295,120,
687,420,377,793,959,164,520,541,519,
107,481,510,130,500,125,461,383,67,
475,922,367,155,11,369,795,528,359,
308,502,39,98,77,273,802,207,848,
543,2,244,527,651,691,126,936,416,
564,963,40,81,412,34,642,190,357,
959,793,624,788,938,261,257,155,630,
448,778,453,791,851,509,880,772,450,
957,319,762,573,559,478,84,664,126,
378,672,805,888,141,771,390,444,32,
748,16,136,902,149,851,283,476,803,
830,19,886,933,568,214,787,223,65,
511,857,603,357,642,287,650,702,279,
577,686,299,894,214,845,254,80,165,
189,843,442,198,963,812,605,743,893,
642,603,357,953,141,172,663,993,38,
21,124,585,337,727,334,27,221,342,
747,751,201,355,472,958,595,909,691,
137,478,975,691,8,651,84,664,936,
420,815,582,979,504,382,489,795,10,
783,302,909,595,355,418,619,50,592,
348,384,984,256,399,966,345,579,559,
585,197,155,367,528,922,101,985,869,
101,832,528,155,869,788,375,793,369,
628,183,894,169,856,135,870,433,144,
127,692,230,474,143,76,152,166,79,
649,837,752,341,391,218,739,570,309,
498,233,587,336,936,691,651,316,723,
104,280,296,271,572,695,645,881,952,
932,161,275,241,324,383,647,847,614,
612,935,40,364,615,310,50,17,564,
952,291,7,43,153,341,739,367,154,
529,88,634,42,684,507,929,971,422,
888,854,88,440,106,499,940,390,327,
341,82,700,752,391,992,218,583,797,
835,240,631,558,315,627,158,107,31,
548,478,762,573,834,849,651,691,84,
856,928,162,81,214,942,845,894,135,
605,862,131,30,212,380,120,109,845,
116,74,594,444,448,380,564,845,317,
73,208,539,559,50,35,911,480,157,
504,14,596,367,831,10,922,655,155,
722,595,751,355,958,201,472,416,909,
136,476,421,523,860,715,749,69,534,
366,523,476,136,525,228,224,52,877,
216,924,60,442,424,131,934,12,464,
472,958,722,747,595,355,201,15,783,
391,82,341,218,436,739,700,122,797,
276,426,385,698,920,238,318,57,490,
800,349,519,377,520,360,959,149,354,
775,14,596,420,382,591,337,504,746,
140,943,941,697,871,204,422,264,929,
681,354,852,519,340,377,683,718,829,
820,855,954,764,113,643,484,362,32,
125,179,510,107,566,461,961,706,515,
994,781,798,437,147,484,901,94,928,
985,926,359,922,369,869,11,155,367,
573,651,126,15,691,478,713,741,319,
584,373,563,888,378,947,262,760,440,
776,409,820,484,855,20,147,546,437,
811,220,498,233,732,849,741,548,157,
573,762,15,339,834,319,691,478,713,
296,695,952,124,27,532,770,733,795,
103,512,565,817,395,271,168,517,482,
670,213,430,211,590,664,957,995,606,
952,153,767,124,43,695,296,359,869,
444,141,195,199,172,644,357,993,824,
453,880,411,509,51,778,654,469,712,
867,682,388,703,497,669,222,246,90,
187,163,310,883,429,304,538,697,45,
755,504,382,124,14,596,420,746,979,
546,20,764,147,219,484,888,371,362,
28,447,970,600,646,780,148,576,976,
450,411,509,51,880,772,712,453,921,
486,862,884,212,267,64,931,38,295,
148,970,28,447,777,346,600,620,976,
437,484,760,94,798,994,764,147,901,
588,785,597,651,25,691,936,126,762,
595,355,313,751,725,722,747,472,958,
996,712,448,352,317,536,175,939,450,
317,782,588,307,670,277,966,691,211,
46,6,949,997,428,149,202,803,625,
406,716,415,851,791,939,886,895,933,
938,959,520,793,624,711,293,687,599,
442,131,402,569,189,388,31,639,295,
329,265,368,241,708,638,261,77,239,
939,895,406,712,787,778,453,509,450,
879,427,534,483,567,269,625,836,803,
959,788,711,520,938,624,599,728,705,
271,395,168,512,968,817,103,326,354,
865,372,582,660,27,707,369,363,922,
560,829,927,946,828,87,501,457,406,
82,700,122,752,436,391,837,445,341,
994,760,781,437,764,94,147,484,928,
140,236,697,909,419,804,67,439,640,
754,520,349,788,793,599,959,265,519,
561,678,570,237,900,83,139,335,752,
393,620,690,207,98,708,118,589,77,
149,16,879,283,786,266,567,550,46,
809,799,347,775,462,124,236,979,47,
32,858,518,825,951,569,107,284,887,
126,762,651,964,834,478,741,559,691,
16,266,427,149,283,246,879,803,550,
988,381,511,322,18,330,7,163,981,
804,462,10,979,398,112,439,724,815,
405,626,217,120,38,109,931,397,400,
765,220,233,498,741,732,548,587,849,
893,838,654,701,506,131,537,51,525,
76,630,338,261,97,885,77,848,840,
4,522,687,648,170,655,501,938,788,
10,398,504,14,724,979,596,746,456,
987,502,305,278,6,842,910,427,281,
565,103,271,168,517,794,512,768,111,
899,441,438,431,105,607,336,142,874,
289,631,558,31,315,682,477,260,434,
855,764,409,32,847,113,390,758,484,
152,52,230,79,127,508,692,228,232,
368,110,639,547,265,530,703,631,315,
13,201,544,325,957,472,422,722,84,
603,357,953,412,172,444,642,408,141,
146,518,32,805,764,759,858,776,409,
900,531,54,768,831,596,585,565,591,
547,241,638,275,530,225,265,311,52,
902,360,153,293,959,501,788,457,421,
87,946,886,685,757,681,349,796,563,
19,716,192,933,568,886,666,223,165,
531,746,14,504,596,914,10,591,111,
101,728,869,203,475,359,155,11,528,
845,380,928,742,856,870,299,912,410,
936,691,995,651,348,559,478,741,762,
740,631,558,925,556,315,158,627,566,
534,625,483,636,269,69,873,965,305,
122,731,82,797,649,752,700,436,391,
893,812,91,654,537,701,29,506,397,
571,37,49,780,575,688,899,441,497,
143,260,434,521,145,1,31,127,76,
908,256,348,384,984,132,936,539,559,
278,910,308,312,102,987,604,253,248,
267,81,189,963,442,365,486,402,464,
635,933,843,160,639,963,150,81,65,
380,833,254,299,742,718,856,686,928,
382,420,755,591,705,27,865,775,815,
383,932,481,647,324,161,673,358,508,
77,885,338,589,708,261,308,39,98,
84,478,741,319,137,548,641,762,723,
900,489,859,580,613,979,247,815,944,
406,506,654,894,715,183,787,53,628,
683,857,68,340,354,757,520,681,891,
611,191,649,737,814,472,656,4,978,
327,738,19,499,830,776,147,764,32,
820,484,764,847,400,409,758,32,390,
742,162,913,894,928,135,942,165,81,
852,683,702,68,599,340,717,974,861,
32,518,805,446,284,362,500,120,825,
489,724,456,586,850,979,617,420,488,
136,748,366,427,879,421,476,331,792,
694,459,38,533,165,671,974,468,365,
120,743,605,131,779,212,537,884,810,
159,674,684,990,670,42,785,244,527,
122,898,82,436,797,752,237,678,700,
795,101,27,582,372,420,155,660,363,
555,31,934,166,176,143,692,601,918,
669,90,773,497,997,202,428,6,77,
269,625,879,483,567,977,534,266,16,
359,155,369,203,101,922,528,367,985,
371,162,676,891,671,628,365,637,928,
515,264,734,156,179,324,759,790,404,
120,951,397,109,299,405,810,217,626,
305,167,836,632,483,534,636,965,679,
316,948,524,587,930,709,233,732,498,
961,578,882,419,414,759,566,627,125,
431,665,496,607,272,163,343,287,227,
328,228,230,426,52,389,152,232,508,
378,262,650,717,287,988,432,485,163,
266,16,427,868,803,149,483,567,792,
453,509,772,411,51,455,778,469,224,
733,681,549,902,757,258,354,198,851,
875,370,164,419,414,179,759,463,266,
394,697,45,935,259,423,664,439,987,
410,569,537,931,295,38,12,301,41,
471,321,630,338,848,610,308,813,77,
716,568,830,666,299,19,933,718,479,
63,295,569,131,217,671,301,951,405,
440,672,653,776,390,738,764,546,119,
99,104,733,767,572,721,968,221,645,
479,72,195,684,639,554,653,205,950,
371,676,365,206,486,870,200,537,162,
325,313,783,516,823,581,355,13,911,
812,654,838,506,258,224,999,525,701,
686,577,718,183,162,856,135,628,742,
791,939,450,778,787,509,406,411,880,
335,154,937,570,919,699,279,111,466,
24,483,567,96,351,209,526,305,879,
306,445,864,436,82,700,391,752,592,
441,37,571,607,447,148,28,49,970,
826,668,54,850,531,831,103,801,923,
437,484,781,729,760,147,183,546,894,
715,828,293,519,377,153,136,748,881,
386,968,326,645,470,794,271,512,565,
642,603,357,245,606,408,921,171,213,
919,178,896,937,914,335,154,462,731,
297,930,909,505,314,325,874,722,233,
323,632,965,495,534,977,145,677,692,
841,345,256,384,348,251,984,936,469,
722,595,747,355,182,691,619,215,751,
842,253,497,278,202,331,243,273,238,
132,548,745,741,208,664,573,766,50,
542,493,463,69,495,46,786,977,118,
856,135,742,162,171,81,686,165,433,
353,470,565,103,512,111,395,919,831,
615,34,181,924,63,216,953,141,564,
49,37,571,839,275,460,241,441,983,
163,158,106,538,714,378,653,440,392,
166,458,176,321,601,866,610,521,86,
154,699,937,896,914,905,7,335,955,
276,385,698,318,753,490,526,389,238,
357,642,603,408,953,904,509,141,671,
367,155,926,475,11,359,528,985,761,
531,831,170,586,456,512,617,14,103,
750,216,301,131,60,569,189,934,442,
158,362,32,835,858,740,442,216,189,
922,761,985,367,155,11,528,359,869,
205,701,242,501,292,87,560,457,796,
742,856,833,214,870,81,845,657,162,
969,422,416,693,709,943,581,182,722,
587,874,906,233,806,732,498,948,336,
12,38,295,41,569,459,884,405,301,
161,383,324,847,647,481,673,553,125,
160,223,716,830,19,65,479,891,886,
866,31,555,562,631,612,477,66,176,
142,394,235,31,40,730,97,76,320,
834,691,651,348,480,251,995,256,539,
154,896,279,699,919,470,291,7,103,
788,959,624,793,711,599,813,998,520,
791,895,406,787,712,473,450,352,778,
473,507,327,947,88,738,390,536,223,
264,314,204,971,516,943,422,416,929,
657,742,81,165,856,963,214,577,718,
204,234,422,527,969,929,978,403,941,
623,194,375,540,535,985,707,922,600,
556,130,706,500,481,419,414,107,658,
87,829,998,522,666,192,340,886,681,
940,485,440,536,584,119,352,994,390,
874,344,543,316,233,709,527,524,2,
786,202,46,997,428,6,452,253,149,
890,387,429,412,993,663,192,172,357,
569,12,872,397,659,405,120,931,299,
296,695,153,767,43,770,367,155,922,
603,357,824,642,141,720,172,412,921,
446,454,858,288,758,303,518,32,146,
154,482,335,919,699,896,675,565,768,
215,629,592,282,726,975,8,966,478,
713,319,989,641,478,574,84,664,559,
472,751,722,747,201,355,595,13,15,
788,711,938,793,624,520,360,377,687,
193,363,582,372,660,540,342,369,532,
578,566,324,875,759,461,179,556,125,
673,647,514,419,130,661,627,836,534,
81,464,942,843,402,424,657,442,671,
651,126,762,559,691,208,936,480,35,
632,323,907,836,167,692,636,534,977,
35,559,384,691,989,215,651,480,726,
981,699,675,279,919,154,139,121,178,
645,326,903,794,271,512,386,168,104,
929,422,416,693,581,943,204,709,722,
28,447,777,600,780,148,976,346,646,
978,422,48,2,244,941,204,929,379,
347,618,809,438,746,14,504,973,496,
618,375,607,194,93,513,101,832,728,
468,196,694,459,861,38,671,144,433,
251,723,137,345,664,15,339,651,8,
447,28,600,970,777,646,346,288,848,
463,868,493,269,483,625,323,879,907,
971,422,48,204,379,544,611,264,656,
10,504,815,14,724,540,342,596,746,
620,207,730,840,474,589,77,703,328,
967,279,937,675,717,154,36,7,139,
34,418,362,390,158,119,925,663,564,
286,368,525,530,265,840,460,790,91,
256,384,348,345,726,989,966,936,559,
761,926,922,155,367,359,869,11,528,
658,180,667,225,679,604,1,601,152,
816,278,842,910,281,253,376,312,427,
322,381,511,18,330,808,7,128,287,
984,651,966,957,559,35,641,256,319,
159,527,399,234,726,863,244,543,674,
443,551,92,656,674,282,592,244,132,
391,739,341,752,436,700,445,33,82,
172,444,387,141,663,720,771,862,181,
798,760,781,94,147,742,437,928,484,
834,936,478,664,430,348,741,8,256,
51,784,554,880,444,128,453,993,172,
428,949,786,46,202,6,452,669,228,
340,68,938,946,457,959,702,852,287,
23,525,476,893,523,76,136,118,97,
